name: molgan
channels:
- rdkit
- defaults
dependencies:
- absl-py=0.6.1=py36_0
- astor=0.7.1=py36_0
- blas=1.0=mkl
- bleach=1.5.0=py36_0
- bzip2=1.0.6=h14c3975_5
- c-ares=1.15.0=h7b6447c_1
- ca-certificates=2018.03.07=0
- cairo=1.14.12=h8948797_3
- certifi=2018.10.15=py36_0
- fontconfig=2.13.0=h9420a91_0
- freetype=2.9.1=h8a8886c_1
- gast=0.2.0=py36_0
- glib=2.56.2=hd408876_0
- grpcio=1.16.0=py36hf8bcb03_0
- html5lib=0.9999999=py36_0
- icu=58.2=h9c2bf20_1
- intel-openmp=2019.0=118
- jpeg=9b=h024ee3a_2
- libboost=1.65.1=habcd387_4
- libedit=3.1.20170329=h6b74fdf_2
- libffi=3.2.1=hd88cf55_4
- libgcc-ng=8.2.0=hdf63c60_1
- libgfortran-ng=7.3.0=hdf63c60_0
- libpng=1.6.35=hbc83047_0
- libprotobuf=3.6.1=hd408876_0
- libstdcxx-ng=8.2.0=hdf63c60_1
- libtiff=4.0.9=he85c1e1_2
- libuuid=1.0.3=h1bed415_2
- libxcb=1.13=h1bed415_1
- libxml2=2.9.8=h26e45fe_1
- markdown=3.0.1=py36_0
- mkl_fft=1.0.6=py36h7dd41cf_0
- mkl_random=1.0.1=py36h4414c95_1
- ncurses=6.1=hf484d3e_0
- numpy=1.15.4=py36h1d66e8a_0
- numpy-base=1.15.4=py36h81de0dd_0
- olefile=0.46=py36_0
- openssl=1.1.1
- pandas=0.23.4=py36h04863e7_0
- pcre=8.42=h439df22_0
- pillow=5.3.0=py36h34e0f95_0
- pip=18.1=py36_0
- pixman=0.34.0=hceecf20_3
- protobuf=3.6.1=py36he6710b0_0
- py-boost=1.65.1=py36hf484d3e_4
- python=3.6.7=h0371630_0
- python-dateutil=2.7.5=py36_0
- pytz=2018.7=py36_0
- readline=7.0=h7b6447c_5
- setuptools=40.5.0=py36_0
- six=1.11.0=py36_1
- sqlite=3.25.2=h7b6447c_0
- tensorboard=1.7.0=py36hf484d3e_1
- tensorflow=1.7.0=0
- tensorflow-base=1.7.0=py36hdbcaa40_2
- termcolor=1.1.0=py36_1
- tk=8.6.8=hbc83047_0
- werkzeug=0.14.1=py36_0
- wheel=0.32.2=py36_0
- xz=5.2.4=h14c3975_4
- zlib=1.2.11=ha838bed_2
- rdkit=2018.09.1.0=py36h71b666b_1
prefix: /home/drigoni/Programs/miniconda/envs/molgan

